9403
9405
9409
9414
9425
9430
9431
9433
9435
9438
9440
9441
9442
9443
9444
9447
9449
9450
9451
9454
9457
9458
9461
9462
9463
9468
9469
9470
9471
9472
9473
9475
9476
9477
9479
9485
9486
9489
9493
9494
9495
9496
9499
9501
9502
9503
9505
9506
9507
9508
9509
9510
9512
9513
9514
9515
9516
9517
9518
9519
9520
9521
9525
9526
9531
9533
9541
9542
9548
9559
9568
9574
9576
9578
9579
9581
9582
9584
9587
9591
9593
9595
9596
9597
9598
9599
9600
9602
9616
9621
9622
9623
9624
9627
9635
9650
9654
9656
9657
9659
9660
9661
9664
9665
9666
9667
9668
9669
9670
9671
9673
9675
9676
9681
9683
9688
9690
9692
9693
9697
9705
9706
9709
9710
9715
9718
9719
9722
9723
9724
9725
9726
9727
9728
9729
9730
9731
9732
9733
9734
9737
9738
9739
9740
9742
9748
9751
9753
9754
9755
9756
9759
9761
9762
9764
9766
9767
9768
9771
9772
9774
9775
9778
9780
9785
9788
9798
9801
9802
9803
9804
9806
9808
9810
9813
9815
9816
9817
9818
9821
9823
9824
9825
9828
9830
9831
9835
9837
9838
9839
9843
9844
9845
9848
9849
9854
9855
9856
9857
9859
9860
9862
9864
9865
9866
9867
9869
9870
9871
9875
9876
9877
9878
9879
9880
9881
9882
9883
9884
9885
9887
9889
9892
9893
9894
9895
9896
9898
9899
9900
9901
9907
9908
9910
9911
9914
9915
9917
9919
9920
9921
9929
9932
9933
9935
9937
9942
9948
9950
9951
9953
9954
9960
9964
9965
9966
9968
9969
9974
9975
9978
9982
9983
9987
9988
9991
9992
9994
9996
9997
9998
